export const handPose = {
	wrist: {
		radius: 0.021460847929120064,
		transform: [0, 0, -1, 0, -1, 0, 0, 0, 0, 1, 0, 0, -0.036, 0.065, 0.003, 1],
	},
	'thumb-metacarpal': {
		radius: 0.019382517784833908,
		transform: [
			0.408, -0.591, 0.696, 0, 0.895, 0.408, -0.178, 0, -0.179, 0.696, 0.695, 0,
			-0.022, 0.031, -0.028, 1,
		],
	},
	'thumb-phalanx-proximal': {
		radius: 0.01228295173496008,
		transform: [
			0.556, -0.549, 0.624, 0, 0.83, 0.4, -0.388, 0, -0.037, 0.734, 0.678, 0,
			-0.016, 0.009, -0.051, 1,
		],
	},
	'thumb-phalanx-distal': {
		radius: 0.009768804535269737,
		transform: [
			0.416, -0.648, 0.638, 0, 0.901, 0.387, -0.194, 0, -0.122, 0.656, 0.745, 0,
			-0.015, -0.016, -0.074, 1,
		],
	},
	'thumb-tip': {
		radius: 0.008768804371356964,
		transform: [
			0.416, -0.648, 0.638, 0, 0.901, 0.387, -0.194, 0, -0.122, 0.656, 0.745, 0,
			-0.013, -0.032, -0.093, 1,
		],
	},
	'index-finger-metacarpal': {
		radius: 0.021228281781077385,
		transform: [0, 0, -1, 0, -1, 0, 0, 0, 0, 1, 0, 0, -0.028, 0.029, -0.017, 1],
	},
	'index-finger-phalanx-proximal': {
		radius: 0.010295259766280651,
		transform: [
			0.051, 0.053, -0.997, 0, -0.989, 0.143, -0.043, 0, 0.14, 0.988, 0.059, 0,
			-0.029, -0.031, -0.021, 1,
		],
	},
	'index-finger-phalanx-intermediate': {
		radius: 0.00853810179978609,
		transform: [
			-0.002, 0.046, -0.999, 0, -1, 0.024, 0.003, 0, 0.024, 0.999, 0.046, 0,
			-0.034, -0.069, -0.023, 1,
		],
	},
	'index-finger-phalanx-distal': {
		radius: 0.007636196445673704,
		transform: [
			-0.036, -0.006, -0.999, 0, -0.999, 0.031, 0.036, 0, 0.031, 1, -0.007, 0,
			-0.035, -0.093, -0.024, 1,
		],
	},
	'index-finger-tip': {
		radius: 0.006636196281760931,
		transform: [
			-0.036, -0.006, -0.999, 0, -0.999, 0.031, 0.036, 0, 0.031, 1, -0.007, 0,
			-0.036, -0.115, -0.023, 1,
		],
	},
	'middle-finger-metacarpal': {
		radius: 0.021231964230537415,
		transform: [0, 0, -1, 0, -1, 0, 0, 0, 0, 1, 0, 0, -0.029, 0.031, -0.001, 1],
	},
	'middle-finger-phalanx-proximal': {
		radius: 0.01117393933236599,
		transform: [
			-0.013, -0.116, -0.993, 0, -0.993, 0.114, 0, 0, 0.113, 0.987, -0.117, 0,
			-0.034, -0.031, 0.001, 1,
		],
	},
	'middle-finger-phalanx-intermediate': {
		radius: 0.008030958473682404,
		transform: [
			-0.037, -0.122, -0.992, 0, -0.999, 0.007, 0.036, 0, 0.003, 0.992, -0.123,
			0, -0.038, -0.073, 0.006, 1,
		],
	},
	'middle-finger-phalanx-distal': {
		radius: 0.007629410829395056,
		transform: [
			-0.114, -0.123, -0.986, 0, -0.988, 0.12, 0.099, 0, 0.107, 0.985, -0.135,
			0, -0.038, -0.101, 0.01, 1,
		],
	},
	'middle-finger-tip': {
		radius: 0.006629410665482283,
		transform: [
			-0.114, -0.123, -0.986, 0, -0.988, 0.12, 0.099, 0, 0.107, 0.985, -0.135,
			0, -0.042, -0.125, 0.013, 1,
		],
	},
	'ring-finger-metacarpal': {
		radius: 0.019088275730609894,
		transform: [0, 0, -1, 0, -1, 0, 0, 0, 0, 1, 0, 0, -0.03, 0.03, 0.018, 1],
	},
	'ring-finger-phalanx-proximal': {
		radius: 0.00992213748395443,
		transform: [
			-0.096, -0.234, -0.967, 0, -0.988, 0.144, 0.063, 0, 0.125, 0.961, -0.245,
			0, -0.03, -0.024, 0.02, 1,
		],
	},
	'ring-finger-phalanx-intermediate': {
		radius: 0.007611672393977642,
		transform: [
			-0.165, -0.229, -0.959, 0, -0.986, 0.063, 0.154, 0, 0.025, 0.971, -0.236,
			0, -0.034, -0.061, 0.03, 1,
		],
	},
	'ring-finger-phalanx-distal': {
		radius: 0.007231088820844889,
		transform: [
			-0.175, -0.171, -0.97, 0, -0.985, 0.032, 0.172, 0, 0.002, 0.985, -0.174,
			0, -0.035, -0.087, 0.036, 1,
		],
	},
	'ring-finger-tip': {
		radius: 0.0062310886569321156,
		transform: [
			-0.175, -0.171, -0.97, 0, -0.985, 0.032, 0.172, 0, 0.002, 0.985, -0.174,
			0, -0.037, -0.111, 0.041, 1,
		],
	},
	'pinky-finger-metacarpal': {
		radius: 0.01808827556669712,
		transform: [
			-0.396, -0.279, -0.875, 0, -0.914, 0.023, 0.406, 0, -0.094, 0.96, -0.264,
			0, -0.027, 0.031, 0.026, 1,
		],
	},
	'pinky-finger-phalanx-proximal': {
		radius: 0.008483353070914745,
		transform: [
			-0.178, -0.489, -0.854, 0, -0.978, 0.187, 0.097, 0, 0.112, 0.852, -0.511,
			0, -0.022, -0.013, 0.038, 1,
		],
	},
	'pinky-finger-phalanx-intermediate': {
		radius: 0.0067641944624483585,
		transform: [
			-0.272, -0.542, -0.795, 0, -0.955, 0.05, 0.292, 0, -0.118, 0.839, -0.531,
			0, -0.026, -0.039, 0.054, 1,
		],
	},
	'pinky-finger-phalanx-distal': {
		radius: 0.0064259846694767475,
		transform: [
			-0.28, -0.457, -0.844, 0, -0.956, 0.056, 0.288, 0, -0.084, 0.888, -0.453,
			0, -0.023, -0.056, 0.065, 1,
		],
	},
	'pinky-finger-tip': {
		radius: 0.005425984505563974,
		transform: [
			-0.28, -0.457, -0.844, 0, -0.956, 0.056, 0.288, 0, -0.084, 0.888, -0.453,
			0, -0.023, -0.076, 0.075, 1,
		],
	},
};
